X values, Cos(X) values
0 1.0
0.1 0.9950041652780257
0.2 0.9800665778412416
0.3 0.955336489125606
0.4 0.9210609940028851
0.5 0.8775825618903728
0.6 0.8253356149096783
0.7 0.7648421872844885
0.8 0.6967067093471655
0.9 0.6216099682706646
1.0 0.5403023058681399
1.1 0.4535961214255775
1.2 0.3623577544766736
1.3 0.26749882862458735
1.4 0.16996714290024081
1.5 0.07073720166770268
1.6 -0.029199522301289037
1.7 -0.12884449429552508
1.8 -0.22720209469308753
1.9 -0.32328956686350396
2.0 -0.4161468365471428
2.1 -0.5048461045998579
2.2 -0.5885011172553462
2.3 -0.6662760212798247
2.4 -0.737393715541246
2.5 -0.8011436155469343
2.6 -0.8568887533689478
2.7 -0.9040721420170617
2.8 -0.9422223406686585
2.9 -0.9709581651495908
3.0 -0.9899924966004456
3.1 -0.9991351502732795
3.2 -0.998294775794753
3.3 -0.9874797699088647
3.4 -0.9667981925794605
3.5 -0.9364566872907957
3.6 -0.8967584163341462
3.7 -0.8481000317104072
3.8 -0.7909677119144154
3.9 -0.7259323042001387
4.0 -0.6536436208636106
4.1 -0.5748239465332677
4.2 -0.4902608213406987
4.3 -0.4007991720799746
4.4 -0.30733286997841935
4.5 -0.21079579943077972
4.6 -0.11215252693505487
4.7 -0.012388663462891449
4.8 0.08749898343944551
4.9 0.186512369422574
5.0 0.2836621854632246
5.1 0.3779777427129786
5.2 0.4685166713003748
5.3 0.5543743361791585
5.4 0.6346928759426319
5.5 0.7086697742912575
5.6 0.7755658785102473
5.7 0.8347127848391573
5.8 0.8855195169413169
5.9 0.9274784307440339
6.0 0.9601702866503645
6.1 0.9832684384425836
6.2 0.9965420970232169
